1733787000
1738557000
1717791300
1733786100
1738555200
1733785200
1717767900
1733762700
1738549800
1733768100
1717776000
1733770800
1717775100
1733789700
1733773500
1738542600
1717783200
1733778000
1733771700
1717767000
1733761800
1738530900
1733766300
1733788800
1738557900
1738558800
1733779800
1717780500
1738544400
1733762700
1713933900
1714041900
1724857200
1733787000
1717794900
1733789700
1738558800
1738559700
1733766300
1717781400
1733776200
1733767200
1715853600
1731848400
1714567500
1733761800
1733787000
1733771700
1733256900
1733787900
1733779800
1733769000
1738538100
1733770800
1733771700
1733786100
1733775300
1717793100
1733787900
1717123500
1730041200
1734810300
1734811200
1718010000
1726419600
1733760900
1738530900
1733775300
1738544400
1738529100
1738530000
1738551600
1733775300
